ID: ALGO_TESTBENCH
Metadata: (strobe,) start of orbit, start of packet, end of packet, valid

      Link              000                    001                    002                    003        
Frame 0000    0000 0000000000000000  0000 0000000000000000  0000 0000000000000000  0000 0000000000000000
Frame 0001    0000 0000000000000000  0000 0000000000000000  0000 0000000000000000  0000 0000000000000000
Frame 0002    0000 0000000000000000  0000 0000000000000000  0000 0000000000000000  0000 0000000000000000
Frame 0003    0000 0000000000000000  0000 0000000000000000  0000 0000000000000000  0000 0000000000000000
Frame 0004    0000 0000000000000000  0000 0000000000000000  0000 0000000000000000  0000 0000000000000000
Frame 0005    0000 0000000000000000  0000 0000000000000000  0000 0000000000000000  0000 0000000000000000
Frame 0006    1001 0000000000000000  0000 0000000000000000  0000 0000000000000000  0000 0000000000000000
Frame 0007    0001 000000004a58d18e  0000 0000000000000000  0000 0000000000000000  0000 0000000000000000
Frame 0008    0001 000000004c34f7ec  0000 0000000000000000  0000 0000000000000000  0000 0000000000000000
Frame 0009    0001 000000005fc11a3a  0000 0000000000000000  0000 0000000000000000  0000 0000000000000000
Frame 0010    0001 0000000048ba4e9c  0000 0000000000000000  0000 0000000000000000  0000 0000000000000000
Frame 0011    0001 000000004cb1c77a  0000 0000000000000000  0000 0000000000000000  0000 0000000000000000
Frame 0012    0001 0000000044ca6226  0000 0000000000000000  0000 0000000000000000  0000 0000000000000000
Frame 0013    0001 000000004e73504b  0000 0000000000000000  0000 0000000000000000  0000 0000000000000000
Frame 0014    0001 000000005d09392c  0000 0000000000000000  0000 0000000000000000  0000 0000000000000000
Frame 0015    0001 000000004cdc5124  0000 0000000000000000  0000 0000000000000000  0000 0000000000000000
Frame 0016    0001 000000004f3230b0  0000 0000000000000000  0000 0000000000000000  0000 0000000000000000
Frame 0017    0001 000000005df91bde  0000 0000000000000000  0000 0000000000000000  0000 0000000000000000
Frame 0018    0001 0000000046ecb6d7  0000 0000000000000000  0000 0000000000000000  0000 0000000000000000
Frame 0019    0001 00000000528b20de  0000 0000000000000000  0000 0000000000000000  0000 0000000000000000
Frame 0020    0001 000000004c678192  0000 0000000000000000  0000 0000000000000000  0000 0000000000000000
Frame 0021    0001 00000000423000ae  0000 0000000000000000  0000 0000000000000000  0000 0000000000000000
Frame 0022    0001 000000005dcdd49b  0000 0000000000000000  0000 0000000000000000  0000 0000000000000000
Frame 0023    0001 0000000047555065  0000 0000000000000000  0000 0000000000000000  0000 0000000000000000
Frame 0024    0001 00000000422fd4d4  0000 0000000000000000  0000 0000000000000000  0000 0000000000000000
Frame 0025    0001 0000000053a59814  0000 0000000000000000  0000 0000000000000000  0000 0000000000000000
Frame 0026    0001 000000005faf7511  0000 0000000000000000  0000 0000000000000000  0000 0000000000000000
Frame 0027    0001 00000000472f2e81  0000 0000000000000000  0000 0000000000000000  0000 0000000000000000
Frame 0028    0001 00000000507a7e4e  0000 0000000000000000  0000 0000000000000000  0000 0000000000000000
Frame 0029    0001 00000000416eec8f  0000 0000000000000000  0000 0000000000000000  0000 0000000000000000
Frame 0030    0001 0000000054ccf7e2  0000 0000000000000000  0000 0000000000000000  0000 0000000000000000
Frame 0031    0001 000000005213fd5b  0000 0000000000000000  0000 0000000000000000  0000 0000000000000000
Frame 0032    0001 000000005f98cb2d  0000 0000000000000000  0000 0000000000000000  0000 0000000000000000
Frame 0033    0001 0000000051151ac5  0000 0000000000000000  0000 0000000000000000  0000 0000000000000000
Frame 0034    0001 000000005d56bf27  0000 0000000000000000  0000 0000000000000000  0000 0000000000000000
Frame 0035    0001 000000004d10f28f  0000 0000000000000000  0000 0000000000000000  0000 0000000000000000
Frame 0036    0001 0000000041e359f3  0000 0000000000000000  0000 0000000000000000  0000 0000000000000000
Frame 0037    0001 0000000055f49f8a  0000 0000000000000000  0000 0000000000000000  0000 0000000000000000
Frame 0038    0001 0000000047ffb42d  0000 0000000000000000  0000 0000000000000000  0000 0000000000000000
Frame 0039    0001 0000000043a441ed  0000 0000000000000000  0000 0000000000000000  0000 0000000000000000
Frame 0040    0001 000000004c65842f  0000 0000000000000000  0000 0000000000000000  0000 0000000000000000
Frame 0041    0001 0000000046b7a2f3  0000 0000000000000000  0000 0000000000000000  0000 0000000000000000
Frame 0042    0001 000000005f78dc06  0000 0000000000000000  0000 0000000000000000  0000 0000000000000000
Frame 0043    0001 0000000054e63f5e  0000 0000000000000000  0000 0000000000000000  0000 0000000000000000
Frame 0044    0001 000000005f73df0a  0000 0000000000000000  0000 0000000000000000  0000 0000000000000000
Frame 0045    0001 000000004dfcc373  0000 0000000000000000  0000 0000000000000000  0000 0000000000000000
Frame 0046    0001 0000000051a7f213  0000 0000000000000000  0000 0000000000000000  0000 0000000000000000
Frame 0047    0001 000000006d77d529  0000 0000000000000000  0000 0000000000000000  0000 0000000000000000
Frame 0048    0001 0000000061086e8b  0000 0000000000000000  0000 0000000000000000  0000 0000000000000000
Frame 0049    0001 000000004771f380  0000 0000000000000000  0000 0000000000000000  0000 0000000000000000
Frame 0050    0001 0000000048796f6d  0000 0000000000000000  0000 0000000000000000  0000 0000000000000000
Frame 0051    0001 00000000477a76eb  0000 0000000000000000  0000 0000000000000000  0000 0000000000000000
Frame 0052    0001 000000004963e1a1  0000 0000000000000000  0000 0000000000000000  0000 0000000000000000
Frame 0053    0001 000000005cfa9470  0000 0000000000000000  0000 0000000000000000  0000 0000000000000000
Frame 0054    0001 0000000041bf1de2  0000 0000000000000000  0000 0000000000000000  0000 0000000000000000
Frame 0055    0001 000000004ebc2e33  0000 0000000000000000  0000 0000000000000000  0000 0000000000000000
Frame 0056    0001 00000000555cc474  0000 0000000000000000  0000 0000000000000000  0000 0000000000000000
Frame 0057    0001 000000006f328a00  0000 0000000000000000  0000 0000000000000000  0000 0000000000000000
Frame 0058    0001 00000000689713e1  0000 0000000000000000  0000 0000000000000000  0000 0000000000000000
Frame 0059    0001 000000006f43bf2a  0000 0000000000000000  0000 0000000000000000  0000 0000000000000000
Frame 0060    0001 00000000683a7d81  0000 0000000000000000  0000 0000000000000000  0000 0000000000000000
Frame 0061    0001 000000006d41f23d  0000 0000000000000000  0000 0000000000000000  0000 0000000000000000
Frame 0062    0001 00000000678487d5  0000 0000000000000000  0000 0000000000000000  0000 0000000000000000
Frame 0063    0001 000000006d38eb10  0000 0000000000000000  0000 0000000000000000  0000 0000000000000000
Frame 0064    0001 000000006167dc71  0000 0000000000000000  0000 0000000000000000  0000 0000000000000000
Frame 0065    0001 000000006ffc982d  0000 0000000000000000  0000 0000000000000000  0000 0000000000000000
Frame 0066    0001 000000006744270b  0000 0000000000000000  0000 0000000000000000  0000 0000000000000000
Frame 0067    0001 000000006c6e57df  0000 0000000000000000  0000 0000000000000000  0000 0000000000000000
Frame 0068    0001 000000004319e311  0000 0000000000000000  0000 0000000000000000  0000 0000000000000000
Frame 0069    0001 0000000067aa625f  0000 0000000000000000  0000 0000000000000000  0000 0000000000000000
Frame 0070    0001 000000006f6c6a6e  0000 0000000000000000  0000 0000000000000000  0000 0000000000000000
Frame 0071    0001 000000006f05ec9d  0000 0000000000000000  0000 0000000000000000  0000 0000000000000000
Frame 0072    0001 000000007113730b  0000 0000000000000000  0000 0000000000000000  0000 0000000000000000
Frame 0073    0001 000000007f47a270  0000 0000000000000000  0000 0000000000000000  0000 0000000000000000
Frame 0074    0001 000000007849ae30  0000 0000000000000000  0000 0000000000000000  0000 0000000000000000
Frame 0075    0001 000000007f4b9f27  0000 0000000000000000  0000 0000000000000000  0000 0000000000000000
Frame 0076    0001 000000006fe23043  0000 0000000000000000  0000 0000000000000000  0000 0000000000000000
Frame 0077    0001 0000000076cd39bc  0000 0000000000000000  0000 0000000000000000  0000 0000000000000000
Frame 0078    0001 000000007fe1067b  0000 0000000000000000  0000 0000000000000000  0000 0000000000000000
Frame 0079    0001 0000000077e77719  0000 0000000000000000  0000 0000000000000000  0000 0000000000000000
Frame 0080    0001 000000007dbd013b  0000 0000000000000000  0000 0000000000000000  0000 0000000000000000
Frame 0081    0001 00000000771b72ea  0000 0000000000000000  0000 0000000000000000  0000 0000000000000000
Frame 0082    0001 0000000079590d10  0000 0000000000000000  0000 0000000000000000  0000 0000000000000000
Frame 0083    0001 0000000072f19ec1  0000 0000000000000000  0000 0000000000000000  0000 0000000000000000
Frame 0084    0001 000000007ebcc7a6  0000 0000000000000000  0000 0000000000000000  0000 0000000000000000
Frame 0085    0001 0000000076fcbd47  0000 0000000000000000  0000 0000000000000000  0000 0000000000000000
Frame 0086    0001 000000004d511ad1  0000 0000000000000000  0000 0000000000000000  0000 0000000000000000
Frame 0087    0001 0000000078bde2af  0000 0000000000000000  0000 0000000000000000  0000 0000000000000000
Frame 0088    0001 00000000739666b7  0000 0000000000000000  0000 0000000000000000  0000 0000000000000000
Frame 0089    0001 000000007fd3f31d  0000 0000000000000000  0000 0000000000000000  0000 0000000000000000
Frame 0090    0001 0000000073730bfc  0000 0000000000000000  0000 0000000000000000  0000 0000000000000000
Frame 0091    0001 000000007f42ee1f  0000 0000000000000000  0000 0000000000000000  0000 0000000000000000
Frame 0092    0001 0000000073671c5b  0000 0000000000000000  0000 0000000000000000  0000 0000000000000000
Frame 0093    0001 000000007d9245c8  0000 0000000000000000  0000 0000000000000000  0000 0000000000000000
Frame 0094    0001 0000000073dc2566  0000 0000000000000000  0000 0000000000000000  0000 0000000000000000
Frame 0095    0001 000000007d18a4ca  0000 0000000000000000  0000 0000000000000000  0000 0000000000000000
Frame 0096    0001 0000000071a23ebd  0000 0000000000000000  0000 0000000000000000  0000 0000000000000000
Frame 0097    0001 000000007e3cc331  0000 0000000000000000  0000 0000000000000000  0000 0000000000000000
Frame 0098    0001 00000000728f218a  0000 0000000000000000  0000 0000000000000000  0000 0000000000000000
Frame 0099    0001 0000000000000000  0000 0000000000000000  0000 0000000000000000  0000 0000000000000000
Frame 0100    0001 0000000000000000  0000 0000000000000000  0000 0000000000000000  0000 0000000000000000
Frame 0101    0001 0000000000000000  0000 0000000000000000  0000 0000000000000000  0000 0000000000000000
Frame 0102    0001 0000000000000000  0000 0000000000000000  0000 0000000000000000  0000 0000000000000000
Frame 0103    0001 0000000000000000  0000 0000000000000000  0000 0000000000000000  0000 0000000000000000
Frame 0104    0001 0000000000000000  0000 0000000000000000  0000 0000000000000000  0000 0000000000000000
Frame 0105    0001 0000000000000000  0000 0000000000000000  0000 0000000000000000  0000 0000000000000000
Frame 0106    0001 0000000000000000  0000 0000000000000000  0000 0000000000000000  0000 0000000000000000
Frame 0107    0001 0000000000000000  0000 0000000000000000  0000 0000000000000000  0000 0000000000000000
Frame 0108    0001 0000000000000000  0000 0000000000000000  0000 0000000000000000  0000 0000000000000000
Frame 0109    0001 0000000000000000  0000 0000000000000000  0000 0000000000000000  0000 0000000000000000
Frame 0110    0001 0000000000000000  0000 0000000000000000  0000 0000000000000000  0000 0000000000000000
Frame 0111    0001 0000000000000000  0000 0000000000000000  0000 0000000000000000  0000 0000000000000000
Frame 0112    0001 0000000000000000  0000 0000000000000000  0000 0000000000000000  0000 0000000000000000
Frame 0113    0001 0000000000000000  0000 0000000000000000  0000 0000000000000000  0000 0000000000000000
Frame 0114    0001 0000000000000000  0000 0000000000000000  0000 0000000000000000  0000 0000000000000000
Frame 0115    0001 0000000000000000  0000 0000000000000000  0000 0000000000000000  0000 0000000000000000
Frame 0116    0001 0000000000000000  0000 0000000000000000  0000 0000000000000000  0000 0000000000000000
Frame 0117    0001 0000000000000000  0000 0000000000000000  0000 0000000000000000  0000 0000000000000000
Frame 0118    0001 0000000000000000  0000 0000000000000000  0000 0000000000000000  0000 0000000000000000
Frame 0119    0001 0000000000000000  0000 0000000000000000  0000 0000000000000000  0000 0000000000000000
Frame 0120    0001 0000000047d14ee6  0000 0000000000000000  0000 0000000000000000  0000 0000000000000000
Frame 0121    0001 0000000000000000  0000 0000000000000000  0000 0000000000000000  0000 0000000000000000
Frame 0122    0001 0000000000000000  0000 0000000000000000  0000 0000000000000000  0000 0000000000000000
Frame 0123    0001 0000000000000000  0000 0000000000000000  0000 0000000000000000  0000 0000000000000000
Frame 0124    0001 0000000000000000  0000 0000000000000000  0000 0000000000000000  0000 0000000000000000
Frame 0125    0001 000000005fef4dee  0000 0000000000000000  0000 0000000000000000  0000 0000000000000000
Frame 0126    0001 0000000000000000  0000 0000000000000000  0000 0000000000000000  0000 0000000000000000
Frame 0127    0001 0000000000000000  0000 0000000000000000  0000 0000000000000000  0000 0000000000000000
Frame 0128    0001 0000000000000000  0000 0000000000000000  0000 0000000000000000  0000 0000000000000000
Frame 0129    0001 0000000000000000  0000 0000000000000000  0000 0000000000000000  0000 0000000000000000
Frame 0130    0001 0000000000000000  0000 0000000000000000  0000 0000000000000000  0000 0000000000000000
Frame 0131    0001 0000000000000000  0000 0000000000000000  0000 0000000000000000  0000 0000000000000000
Frame 0132    0001 0000000000000000  0000 0000000000000000  0000 0000000000000000  0000 0000000000000000
Frame 0133    0001 0000000000000000  0000 0000000000000000  0000 0000000000000000  0000 0000000000000000
Frame 0134    0001 0000000000000000  0000 0000000000000000  0000 0000000000000000  0000 0000000000000000
Frame 0135    0001 0000000000000000  0000 0000000000000000  0000 0000000000000000  0000 0000000000000000
Frame 0136    0001 0000000000000000  0000 0000000000000000  0000 0000000000000000  0000 0000000000000000
Frame 0137    0001 0000000000000000  0000 0000000000000000  0000 0000000000000000  0000 0000000000000000
Frame 0138    0001 0000000000000000  0000 0000000000000000  0000 0000000000000000  0000 0000000000000000
Frame 0139    0001 0000000000000000  0000 0000000000000000  0000 0000000000000000  0000 0000000000000000
Frame 0140    0001 0000000000000000  0000 0000000000000000  0000 0000000000000000  0000 0000000000000000
Frame 0141    0001 0000000000000000  0000 0000000000000000  0000 0000000000000000  0000 0000000000000000
Frame 0142    0001 0000000000000000  0000 0000000000000000  0000 0000000000000000  0000 0000000000000000
Frame 0143    0001 0000000000000000  0000 0000000000000000  0000 0000000000000000  0000 0000000000000000
Frame 0144    0001 0000000000000000  0000 0000000000000000  0000 0000000000000000  0000 0000000000000000
Frame 0145    0001 0000000000000000  0000 0000000000000000  0000 0000000000000000  0000 0000000000000000
Frame 0146    0001 0000000000000000  0000 0000000000000000  0000 0000000000000000  0000 0000000000000000
Frame 0147    0001 0000000000000000  0000 0000000000000000  0000 0000000000000000  0000 0000000000000000
Frame 0148    0001 0000000000000000  0000 0000000000000000  0000 0000000000000000  0000 0000000000000000
Frame 0149    0001 0000000000000000  0000 0000000000000000  0000 0000000000000000  0000 0000000000000000
Frame 0150    0001 0000000000000000  0000 0000000000000000  0000 0000000000000000  0000 0000000000000000
Frame 0151    0001 0000000000000000  0000 0000000000000000  0000 0000000000000000  0000 0000000000000000
Frame 0152    0001 0000000000000000  0000 0000000000000000  0000 0000000000000000  0000 0000000000000000
Frame 0153    0001 0000000000000000  0000 0000000000000000  0000 0000000000000000  0000 0000000000000000
Frame 0154    0001 0000000000000000  0000 0000000000000000  0000 0000000000000000  0000 0000000000000000
Frame 0155    0001 0000000000000000  0000 0000000000000000  0000 0000000000000000  0000 0000000000000000
Frame 0156    0000 0000000000000000  0000 0000000000000000  0000 0000000000000000  0000 0000000000000000
Frame 0157    0000 0000000000000000  0000 0000000000000000  0000 0000000000000000  0000 0000000000000000
Frame 0158    0000 0000000000000000  0000 0000000000000000  0000 0000000000000000  0000 0000000000000000
Frame 0159    0000 0000000000000000  0000 0000000000000000  0000 0000000000000000  0000 0000000000000000
Frame 0160    0000 0000000000000000  0000 0000000000000000  0000 0000000000000000  0000 0000000000000000
Frame 0161    0000 0000000000000000  0000 0000000000000000  0000 0000000000000000  0000 0000000000000000
